[LEVEL]
1F
[LEVEL]
2F
[HEADER]
447905,유리 패널,54
-20.8366740600001 14.2190239371826 11.1548556430446
1
1 -3.23498041771528E-15 0
3.23498041771528E-15 1 0
0 0 1
2.39128494262695 0.0803805738687515 0
2.39128494262695 0.0803805738687515 5.41338586807251
-2.39128494262695 0.0803805738687515 5.41338586807251
0 -1 0
-2.39128494262695 0.0803805738687515 5.41338586807251
-2.39128494262695 0.0803805738687515 0
2.39128494262695 0.0803805738687515 0
0 -1 0
-2.39128494262695 0.16240157186985 5.41338586807251
2.39128494262695 0.16240157186985 5.41338586807251
2.39128494262695 0.16240157186985 0
0 1 0
2.39128494262695 0.16240157186985 0
-2.39128494262695 0.16240157186985 0
-2.39128494262695 0.16240157186985 5.41338586807251
0 1 0
-2.39128494262695 0.0803805738687515 0
-2.39128494262695 0.16240157186985 0
2.39128494262695 0.16240157186985 0
0 0 -1
2.39128494262695 0.16240157186985 0
2.39128494262695 0.0803805738687515 0
-2.39128494262695 0.0803805738687515 0
0 0 -1
2.39128494262695 0.0803805738687515 0
2.39128494262695 0.16240157186985 0
2.39128494262695 0.16240157186985 5.41338586807251
1 0 0
2.39128494262695 0.16240157186985 5.41338586807251
2.39128494262695 0.0803805738687515 5.41338586807251
2.39128494262695 0.0803805738687515 0
1 0 0
2.39128494262695 0.0803805738687515 5.41338586807251
2.39128494262695 0.16240157186985 5.41338586807251
-2.39128494262695 0.16240157186985 5.41338586807251
0 0 1
-2.39128494262695 0.16240157186985 5.41338586807251
-2.39128494262695 0.0803805738687515 5.41338586807251
2.39128494262695 0.0803805738687515 5.41338586807251
0 0 1
-2.39128494262695 0.0803805738687515 5.41338586807251
-2.39128494262695 0.16240157186985 5.41338586807251
-2.39128494262695 0.16240157186985 0
-1 0 0
-2.39128494262695 0.16240157186985 0
-2.39128494262695 0.0803805738687515 0
-2.39128494262695 0.0803805738687515 5.41338586807251
-1 0 0
[HEADER]
447912,유리 패널,6
-16.0787105664823 14.2190239371826 11.1548556430446
1
1 -3.23498041771528E-15 0
3.23498041771528E-15 1 0
0 0 1
[HEADER]
447914,유리 패널,6
-11.345353372677 14.2190239371825 11.1548556430446
1
1 -3.23498041771528E-15 0
3.23498041771528E-15 1 0
0 0 1
[HEADER]
447916,유리 패널,6
-6.61199617887165 14.2190239371825 11.1548556430446
1
1 -3.23498041771528E-15 0
3.23498041771528E-15 1 0
0 0 1
[HEADER]
447918,유리 패널,6
-1.87863898506635 14.2190239371825 11.1548556430446
1
1 -3.23498041771528E-15 0
3.23498041771528E-15 1 0
0 0 1
[HEADER]
447920,유리 패널,6
2.85471820873894 14.2190239371825 11.1548556430446
1
1 -3.23498041771528E-15 0
3.23498041771528E-15 1 0
0 0 1
[HEADER]
447922,유리 패널,6
7.58807540254424 14.2190239371825 11.1548556430446
1
1 -3.23498041771528E-15 0
3.23498041771528E-15 1 0
0 0 1
[HEADER]
447924,유리 패널,6
12.3214325963495 14.2190239371825 11.1548556430446
1
1 -3.23498041771528E-15 0
3.23498041771528E-15 1 0
0 0 1
[HEADER]
447926,유리 패널,6
17.0547897901548 14.2190239371825 11.1548556430446
1
1 -3.23498041771528E-15 0
3.23498041771528E-15 1 0
0 0 1
[HEADER]
447928,유리 패널,6
21.7881469839601 14.2190239371824 11.1548556430446
1
1 -3.23498041771528E-15 0
3.23498041771528E-15 1 0
0 0 1
[HEADER]
447930,유리 패널,6
26.546110477478 14.2190239371824 11.1548556430446
1
1 -3.23498041771528E-15 0
3.23498041771528E-15 1 0
0 0 1
[HEADER]
447972,유리 패널,6
-20.8366740600001 14.2190239371826 16.5682414698163
1
1 -3.23498041771528E-15 0
3.23498041771528E-15 1 0
0 0 1
[HEADER]
447973,유리 패널,6
-16.0787105664823 14.2190239371826 16.5682414698163
1
1 -3.23498041771528E-15 0
3.23498041771528E-15 1 0
0 0 1
[HEADER]
447974,유리 패널,6
-11.345353372677 14.2190239371825 16.5682414698163
1
1 -3.23498041771528E-15 0
3.23498041771528E-15 1 0
0 0 1
[HEADER]
447975,유리 패널,6
-6.61199617887165 14.2190239371825 16.5682414698163
1
1 -3.23498041771528E-15 0
3.23498041771528E-15 1 0
0 0 1
[HEADER]
447976,유리 패널,6
-1.87863898506635 14.2190239371825 16.5682414698163
1
1 -3.23498041771528E-15 0
3.23498041771528E-15 1 0
0 0 1
[HEADER]
447977,유리 패널,6
2.85471820873895 14.2190239371825 16.5682414698163
1
1 -3.23498041771528E-15 0
3.23498041771528E-15 1 0
0 0 1
[HEADER]
447978,유리 패널,6
7.58807540254424 14.2190239371825 16.5682414698163
1
1 -3.23498041771528E-15 0
3.23498041771528E-15 1 0
0 0 1
[HEADER]
447979,유리 패널,6
12.3214325963495 14.2190239371825 16.5682414698163
1
1 -3.23498041771528E-15 0
3.23498041771528E-15 1 0
0 0 1
[HEADER]
447980,유리 패널,6
17.0547897901548 14.2190239371825 16.5682414698163
1
1 -3.23498041771528E-15 0
3.23498041771528E-15 1 0
0 0 1
[HEADER]
447981,유리 패널,6
21.7881469839601 14.2190239371824 16.5682414698163
1
1 -3.23498041771528E-15 0
3.23498041771528E-15 1 0
0 0 1
[HEADER]
447982,유리 패널,6
26.546110477478 14.2190239371824 16.5682414698163
1
1 -3.23498041771528E-15 0
3.23498041771528E-15 1 0
0 0 1
[HEADER]
453543,유리 패널,6
-23.2279589566154 3.88085388159789 11.1548556430446
1
1.51097738971867E-15 1 0
-1 1.51097738971867E-15 0
0 0 1
[HEADER]
453563,유리 패널,6
-23.2279589566154 10.7729672519877 11.1548556430446
1
1.51097738971867E-15 1 0
-1 1.51097738971867E-15 0
0 0 1
[HEADER]
453577,유리 패널,6
-23.2279589566154 3.88085388159789 16.5682414698163
1
1.51097738971867E-15 1 0
-1 1.51097738971867E-15 0
0 0 1
[HEADER]
453578,유리 패널,6
-23.2279589566154 10.7729672519877 16.5682414698163
1
1.51097738971867E-15 1 0
-1 1.51097738971867E-15 0
0 0 1
[LEVEL]
3F
[HEADER]
452213,유리 패널,54
-20.8366740600001 14.2190239371826 21.9816272965879
1
1 -3.23498041771528E-15 0
3.23498041771528E-15 1 0
0 0 1
2.39128494262695 0.0803805738687515 0
2.39128494262695 0.0803805738687515 5.41338586807251
-2.39128494262695 0.0803805738687515 5.41338586807251
0 -1 0
-2.39128494262695 0.0803805738687515 5.41338586807251
-2.39128494262695 0.0803805738687515 0
2.39128494262695 0.0803805738687515 0
0 -1 0
-2.39128494262695 0.16240157186985 5.41338586807251
2.39128494262695 0.16240157186985 5.41338586807251
2.39128494262695 0.16240157186985 0
0 1 0
2.39128494262695 0.16240157186985 0
-2.39128494262695 0.16240157186985 0
-2.39128494262695 0.16240157186985 5.41338586807251
0 1 0
-2.39128494262695 0.0803805738687515 0
-2.39128494262695 0.16240157186985 0
2.39128494262695 0.16240157186985 0
0 0 -1
2.39128494262695 0.16240157186985 0
2.39128494262695 0.0803805738687515 0
-2.39128494262695 0.0803805738687515 0
0 0 -1
2.39128494262695 0.0803805738687515 0
2.39128494262695 0.16240157186985 0
2.39128494262695 0.16240157186985 5.41338586807251
1 0 0
2.39128494262695 0.16240157186985 5.41338586807251
2.39128494262695 0.0803805738687515 5.41338586807251
2.39128494262695 0.0803805738687515 0
1 0 0
2.39128494262695 0.0803805738687515 5.41338586807251
2.39128494262695 0.16240157186985 5.41338586807251
-2.39128494262695 0.16240157186985 5.41338586807251
0 0 1
-2.39128494262695 0.16240157186985 5.41338586807251
-2.39128494262695 0.0803805738687515 5.41338586807251
2.39128494262695 0.0803805738687515 5.41338586807251
0 0 1
-2.39128494262695 0.0803805738687515 5.41338586807251
-2.39128494262695 0.16240157186985 5.41338586807251
-2.39128494262695 0.16240157186985 0
-1 0 0
-2.39128494262695 0.16240157186985 0
-2.39128494262695 0.0803805738687515 0
-2.39128494262695 0.0803805738687515 5.41338586807251
-1 0 0
[HEADER]
452220,유리 패널,6
-16.0787105664822 14.2190239371826 21.9816272965879
1
1 -3.23498041771528E-15 0
3.23498041771528E-15 1 0
0 0 1
[HEADER]
452222,유리 패널,6
-11.3453533726769 14.2190239371825 21.9816272965879
1
1 -3.23498041771528E-15 0
3.23498041771528E-15 1 0
0 0 1
[HEADER]
452224,유리 패널,6
-6.61199617887165 14.2190239371825 21.9816272965879
1
1 -3.23498041771528E-15 0
3.23498041771528E-15 1 0
0 0 1
[HEADER]
452226,유리 패널,6
-1.87863898506635 14.2190239371825 21.9816272965879
1
1 -3.23498041771528E-15 0
3.23498041771528E-15 1 0
0 0 1
[HEADER]
452228,유리 패널,6
2.85471820873895 14.2190239371825 21.9816272965879
1
1 -3.23498041771528E-15 0
3.23498041771528E-15 1 0
0 0 1
[HEADER]
452230,유리 패널,6
7.58807540254425 14.2190239371825 21.9816272965879
1
1 -3.23498041771528E-15 0
3.23498041771528E-15 1 0
0 0 1
[HEADER]
452232,유리 패널,6
12.3214325963495 14.2190239371825 21.9816272965879
1
1 -3.23498041771528E-15 0
3.23498041771528E-15 1 0
0 0 1
[HEADER]
452234,유리 패널,6
17.0547897901548 14.2190239371825 21.9816272965879
1
1 -3.23498041771528E-15 0
3.23498041771528E-15 1 0
0 0 1
[HEADER]
452236,유리 패널,6
21.7881469839601 14.2190239371824 21.9816272965879
1
1 -3.23498041771528E-15 0
3.23498041771528E-15 1 0
0 0 1
[HEADER]
452238,유리 패널,6
26.546110477478 14.2190239371824 21.9816272965879
1
1 -3.23498041771528E-15 0
3.23498041771528E-15 1 0
0 0 1
[HEADER]
452280,유리 패널,6
-20.8366740600001 14.2190239371826 27.3950131233596
1
1 -3.23498041771528E-15 0
3.23498041771528E-15 1 0
0 0 1
[HEADER]
452281,유리 패널,6
-16.0787105664822 14.2190239371826 27.3950131233596
1
1 -3.23498041771528E-15 0
3.23498041771528E-15 1 0
0 0 1
[HEADER]
452282,유리 패널,6
-11.3453533726769 14.2190239371825 27.3950131233596
1
1 -3.23498041771528E-15 0
3.23498041771528E-15 1 0
0 0 1
[HEADER]
452283,유리 패널,6
-6.61199617887165 14.2190239371825 27.3950131233596
1
1 -3.23498041771528E-15 0
3.23498041771528E-15 1 0
0 0 1
[HEADER]
452284,유리 패널,6
-1.87863898506635 14.2190239371825 27.3950131233596
1
1 -3.23498041771528E-15 0
3.23498041771528E-15 1 0
0 0 1
[HEADER]
452285,유리 패널,6
2.85471820873896 14.2190239371825 27.3950131233596
1
1 -3.23498041771528E-15 0
3.23498041771528E-15 1 0
0 0 1
[HEADER]
452286,유리 패널,6
7.58807540254425 14.2190239371825 27.3950131233596
1
1 -3.23498041771528E-15 0
3.23498041771528E-15 1 0
0 0 1
[HEADER]
452287,유리 패널,6
12.3214325963495 14.2190239371825 27.3950131233596
1
1 -3.23498041771528E-15 0
3.23498041771528E-15 1 0
0 0 1
[HEADER]
452288,유리 패널,6
17.0547897901548 14.2190239371825 27.3950131233596
1
1 -3.23498041771528E-15 0
3.23498041771528E-15 1 0
0 0 1
[HEADER]
452289,유리 패널,6
21.7881469839601 14.2190239371824 27.3950131233596
1
1 -3.23498041771528E-15 0
3.23498041771528E-15 1 0
0 0 1
[HEADER]
452290,유리 패널,6
26.546110477478 14.2190239371824 27.3950131233596
1
1 -3.23498041771528E-15 0
3.23498041771528E-15 1 0
0 0 1
[HEADER]
453544,유리 패널,6
-23.2279589566154 3.88085388159789 21.9816272965879
1
1.51097738971867E-15 1 0
-1 1.51097738971867E-15 0
0 0 1
[HEADER]
453608,유리 패널,6
-23.2279589566154 10.7729672519877 21.9816272965879
1
1.51097738971867E-15 1 0
-1 1.51097738971867E-15 0
0 0 1
[HEADER]
453622,유리 패널,6
-23.2279589566154 3.88085388159789 27.3950131233596
1
1.51097738971867E-15 1 0
-1 1.51097738971867E-15 0
0 0 1
[HEADER]
453623,유리 패널,6
-23.2279589566154 10.7729672519877 27.3950131233596
1
1.51097738971867E-15 1 0
-1 1.51097738971867E-15 0
0 0 1
[LEVEL]
4F
[HEADER]
457854,유리 패널,54
-23.2279589566154 3.8808538815979 32.8083989501312
1
1.51097738971867E-15 1 0
-1 1.51097738971867E-15 0
0 0 1
3.44605660438538 0.0803805738687515 0
3.44605660438538 0.0803805738687515 5.41338586807251
-3.44605660438538 0.0803805738687515 5.41338586807251
0 -1 0
-3.44605660438538 0.0803805738687515 5.41338586807251
-3.44605660438538 0.0803805738687515 0
3.44605660438538 0.0803805738687515 0
0 -1 0
-3.44605660438538 0.16240157186985 5.41338586807251
3.44605660438538 0.16240157186985 5.41338586807251
3.44605660438538 0.16240157186985 0
0 1 0
3.44605660438538 0.16240157186985 0
-3.44605660438538 0.16240157186985 0
-3.44605660438538 0.16240157186985 5.41338586807251
0 1 0
-3.44605660438538 0.0803805738687515 0
-3.44605660438538 0.16240157186985 0
3.44605660438538 0.16240157186985 0
0 0 -1
3.44605660438538 0.16240157186985 0
3.44605660438538 0.0803805738687515 0
-3.44605660438538 0.0803805738687515 0
0 0 -1
3.44605660438538 0.0803805738687515 0
3.44605660438538 0.16240157186985 0
3.44605660438538 0.16240157186985 5.41338586807251
1 0 1.64070777166423E-16
3.44605660438538 0.16240157186985 5.41338586807251
3.44605660438538 0.0803805738687515 5.41338586807251
3.44605660438538 0.0803805738687515 0
1 0 1.64070777166423E-16
3.44605660438538 0.0803805738687515 5.41338586807251
3.44605660438538 0.16240157186985 5.41338586807251
-3.44605660438538 0.16240157186985 5.41338586807251
0 0 1
-3.44605660438538 0.16240157186985 5.41338586807251
-3.44605660438538 0.0803805738687515 5.41338586807251
3.44605660438538 0.0803805738687515 5.41338586807251
0 0 1
-3.44605660438538 0.0803805738687515 5.41338586807251
-3.44605660438538 0.16240157186985 5.41338586807251
-3.44605660438538 0.16240157186985 0
-1 0 0
-3.44605660438538 0.16240157186985 0
-3.44605660438538 0.0803805738687515 0
-3.44605660438538 0.0803805738687515 5.41338586807251
-1 0 0
[HEADER]
457855,유리 패널,6
-20.8366740600001 14.2190239371826 32.8083989501312
1
1 -3.23498041711669E-15 0
3.23498041711669E-15 1 0
0 0 1
[HEADER]
457863,유리 패널,6
-23.2279589566154 10.7729672519877 32.8083989501312
1
1.51097738971867E-15 1 0
-1 1.51097738971867E-15 0
0 0 1
[HEADER]
457877,유리 패널,6
-23.2279589566154 3.8808538815979 38.2217847769029
1
1.51097738971867E-15 1 0
-1 1.51097738971867E-15 0
0 0 1
[HEADER]
457878,유리 패널,6
-23.2279589566154 10.7729672519877 38.2217847769029
1
1.51097738971867E-15 1 0
-1 1.51097738971867E-15 0
0 0 1
[HEADER]
457908,유리 패널,6
-16.0787105664822 14.2190239371826 32.8083989501312
1
1 -3.23498041711669E-15 0
3.23498041711669E-15 1 0
0 0 1
[HEADER]
457910,유리 패널,6
-11.3453533726769 14.2190239371825 32.8083989501312
1
1 -3.23498041711669E-15 0
3.23498041711669E-15 1 0
0 0 1
[HEADER]
457912,유리 패널,6
-6.61199617887163 14.2190239371825 32.8083989501312
1
1 -3.23498041711669E-15 0
3.23498041711669E-15 1 0
0 0 1
[HEADER]
457914,유리 패널,6
-1.87863898506633 14.2190239371825 32.8083989501312
1
1 -3.23498041711669E-15 0
3.23498041711669E-15 1 0
0 0 1
[HEADER]
457916,유리 패널,6
2.85471820873897 14.2190239371825 32.8083989501312
1
1 -3.23498041711669E-15 0
3.23498041711669E-15 1 0
0 0 1
[HEADER]
457918,유리 패널,6
7.58807540254426 14.2190239371825 32.8083989501312
1
1 -3.23498041711669E-15 0
3.23498041711669E-15 1 0
0 0 1
[HEADER]
457920,유리 패널,6
12.3214325963496 14.2190239371825 32.8083989501312
1
1 -3.23498041711669E-15 0
3.23498041711669E-15 1 0
0 0 1
[HEADER]
457922,유리 패널,6
17.0547897901549 14.2190239371825 32.8083989501312
1
1 -3.23498041711669E-15 0
3.23498041711669E-15 1 0
0 0 1
[HEADER]
457924,유리 패널,6
21.7881469839602 14.2190239371824 32.8083989501312
1
1 -3.23498041711669E-15 0
3.23498041711669E-15 1 0
0 0 1
[HEADER]
457926,유리 패널,6
26.5461104774781 14.2190239371824 32.8083989501312
1
1 -3.23498041711669E-15 0
3.23498041711669E-15 1 0
0 0 1
[HEADER]
457968,유리 패널,6
-20.8366740600001 14.2190239371826 38.2217847769029
1
1 -3.23498041711669E-15 0
3.23498041711669E-15 1 0
0 0 1
[HEADER]
457969,유리 패널,6
-16.0787105664822 14.2190239371826 38.2217847769029
1
1 -3.23498041711669E-15 0
3.23498041711669E-15 1 0
0 0 1
[HEADER]
457970,유리 패널,6
-11.3453533726769 14.2190239371825 38.2217847769029
1
1 -3.23498041711669E-15 0
3.23498041711669E-15 1 0
0 0 1
[HEADER]
457971,유리 패널,6
-6.61199617887163 14.2190239371825 38.2217847769029
1
1 -3.23498041711669E-15 0
3.23498041711669E-15 1 0
0 0 1
[HEADER]
457972,유리 패널,6
-1.87863898506633 14.2190239371825 38.2217847769029
1
1 -3.23498041711669E-15 0
3.23498041711669E-15 1 0
0 0 1
[HEADER]
457973,유리 패널,6
2.85471820873897 14.2190239371825 38.2217847769029
1
1 -3.23498041711669E-15 0
3.23498041711669E-15 1 0
0 0 1
[HEADER]
457974,유리 패널,6
7.58807540254426 14.2190239371825 38.2217847769029
1
1 -3.23498041711669E-15 0
3.23498041711669E-15 1 0
0 0 1
[HEADER]
457975,유리 패널,6
12.3214325963496 14.2190239371825 38.2217847769029
1
1 -3.23498041711669E-15 0
3.23498041711669E-15 1 0
0 0 1
[HEADER]
457976,유리 패널,6
17.0547897901549 14.2190239371825 38.2217847769029
1
1 -3.23498041711669E-15 0
3.23498041711669E-15 1 0
0 0 1
[HEADER]
457977,유리 패널,6
21.7881469839602 14.2190239371824 38.2217847769029
1
1 -3.23498041711669E-15 0
3.23498041711669E-15 1 0
0 0 1
[HEADER]
457978,유리 패널,6
26.5461104774781 14.2190239371824 38.2217847769029
1
1 -3.23498041711669E-15 0
3.23498041711669E-15 1 0
0 0 1
[LEVEL]
5F
[HEADER]
453819,유리 패널,54
-23.2279589566154 3.88085388159792 43.6351706036745
1
1.51097738971867E-15 1 0
-1 1.51097738971867E-15 0
0 0 1
3.44605660438538 0.0803805738687515 0
3.44605660438538 0.0803805738687515 5.41338586807251
-3.44605660438538 0.0803805738687515 5.41338586807251
0 -1 0
-3.44605660438538 0.0803805738687515 5.41338586807251
-3.44605660438538 0.0803805738687515 0
3.44605660438538 0.0803805738687515 0
0 -1 0
-3.44605660438538 0.16240157186985 5.41338586807251
3.44605660438538 0.16240157186985 5.41338586807251
3.44605660438538 0.16240157186985 0
0 1 0
3.44605660438538 0.16240157186985 0
-3.44605660438538 0.16240157186985 0
-3.44605660438538 0.16240157186985 5.41338586807251
0 1 0
-3.44605660438538 0.0803805738687515 0
-3.44605660438538 0.16240157186985 0
3.44605660438538 0.16240157186985 0
0 0 -1
3.44605660438538 0.16240157186985 0
3.44605660438538 0.0803805738687515 0
-3.44605660438538 0.0803805738687515 0
0 0 -1
3.44605660438538 0.0803805738687515 0
3.44605660438538 0.16240157186985 0
3.44605660438538 0.16240157186985 5.41338586807251
1 0 1.64070777166423E-16
3.44605660438538 0.16240157186985 5.41338586807251
3.44605660438538 0.0803805738687515 5.41338586807251
3.44605660438538 0.0803805738687515 0
1 0 1.64070777166423E-16
3.44605660438538 0.0803805738687515 5.41338586807251
3.44605660438538 0.16240157186985 5.41338586807251
-3.44605660438538 0.16240157186985 5.41338586807251
0 0 1
-3.44605660438538 0.16240157186985 5.41338586807251
-3.44605660438538 0.0803805738687515 5.41338586807251
3.44605660438538 0.0803805738687515 5.41338586807251
0 0 1
-3.44605660438538 0.0803805738687515 5.41338586807251
-3.44605660438538 0.16240157186985 5.41338586807251
-3.44605660438538 0.16240157186985 0
-1 0 0
-3.44605660438538 0.16240157186985 0
-3.44605660438538 0.0803805738687515 0
-3.44605660438538 0.0803805738687515 5.41338586807251
-1 0 0
[HEADER]
453820,유리 패널,6
-20.8366740600001 14.2190239371826 43.6351706036745
1
1 -3.23498041771528E-15 0
3.23498041771528E-15 1 0
0 0 1
[HEADER]
454006,유리 패널,6
-23.2279589566154 10.7729672519877 43.6351706036745
1
1.51097738971867E-15 1 0
-1 1.51097738971867E-15 0
0 0 1
[HEADER]
454020,유리 패널,6
-23.2279589566154 3.88085388159792 49.0485564304462
1
1.51097738971867E-15 1 0
-1 1.51097738971867E-15 0
0 0 1
[HEADER]
454021,유리 패널,6
-23.2279589566154 10.7729672519877 49.0485564304462
1
1.51097738971867E-15 1 0
-1 1.51097738971867E-15 0
0 0 1
[HEADER]
454051,유리 패널,6
-16.0787105664822 14.2190239371826 43.6351706036745
1
1 -3.23498041771528E-15 0
3.23498041771528E-15 1 0
0 0 1
[HEADER]
454053,유리 패널,6
-11.3453533726769 14.2190239371826 43.6351706036745
1
1 -3.23498041771528E-15 0
3.23498041771528E-15 1 0
0 0 1
[HEADER]
454055,유리 패널,6
-6.61199617887165 14.2190239371826 43.6351706036745
1
1 -3.23498041771528E-15 0
3.23498041771528E-15 1 0
0 0 1
[HEADER]
454057,유리 패널,6
-1.87863898506635 14.2190239371825 43.6351706036745
1
1 -3.23498041771528E-15 0
3.23498041771528E-15 1 0
0 0 1
[HEADER]
454059,유리 패널,6
2.85471820873895 14.2190239371825 43.6351706036745
1
1 -3.23498041771528E-15 0
3.23498041771528E-15 1 0
0 0 1
[HEADER]
454061,유리 패널,6
7.58807540254425 14.2190239371825 43.6351706036745
1
1 -3.23498041771528E-15 0
3.23498041771528E-15 1 0
0 0 1
[HEADER]
454063,유리 패널,6
12.3214325963495 14.2190239371825 43.6351706036745
1
1 -3.23498041771528E-15 0
3.23498041771528E-15 1 0
0 0 1
[HEADER]
454065,유리 패널,6
17.0547897901548 14.2190239371825 43.6351706036745
1
1 -3.23498041771528E-15 0
3.23498041771528E-15 1 0
0 0 1
[HEADER]
454067,유리 패널,6
21.7881469839601 14.2190239371825 43.6351706036745
1
1 -3.23498041771528E-15 0
3.23498041771528E-15 1 0
0 0 1
[HEADER]
454069,유리 패널,6
26.546110477478 14.2190239371824 43.6351706036745
1
1 -3.23498041771528E-15 0
3.23498041771528E-15 1 0
0 0 1
[HEADER]
454111,유리 패널,6
-20.8366740600001 14.2190239371826 49.0485564304462
1
1 -3.23498041771528E-15 0
3.23498041771528E-15 1 0
0 0 1
[HEADER]
454112,유리 패널,6
-16.0787105664822 14.2190239371826 49.0485564304462
1
1 -3.23498041771528E-15 0
3.23498041771528E-15 1 0
0 0 1
[HEADER]
454113,유리 패널,6
-11.3453533726769 14.2190239371826 49.0485564304462
1
1 -3.23498041771528E-15 0
3.23498041771528E-15 1 0
0 0 1
[HEADER]
454114,유리 패널,6
-6.61199617887165 14.2190239371826 49.0485564304462
1
1 -3.23498041771528E-15 0
3.23498041771528E-15 1 0
0 0 1
[HEADER]
454115,유리 패널,6
-1.87863898506635 14.2190239371825 49.0485564304462
1
1 -3.23498041771528E-15 0
3.23498041771528E-15 1 0
0 0 1
[HEADER]
454116,유리 패널,6
2.85471820873896 14.2190239371825 49.0485564304462
1
1 -3.23498041771528E-15 0
3.23498041771528E-15 1 0
0 0 1
[HEADER]
454117,유리 패널,6
7.58807540254425 14.2190239371825 49.0485564304462
1
1 -3.23498041771528E-15 0
3.23498041771528E-15 1 0
0 0 1
[HEADER]
454118,유리 패널,6
12.3214325963495 14.2190239371825 49.0485564304462
1
1 -3.23498041771528E-15 0
3.23498041771528E-15 1 0
0 0 1
[HEADER]
454119,유리 패널,6
17.0547897901548 14.2190239371825 49.0485564304462
1
1 -3.23498041771528E-15 0
3.23498041771528E-15 1 0
0 0 1
[HEADER]
454120,유리 패널,6
21.7881469839601 14.2190239371825 49.0485564304462
1
1 -3.23498041771528E-15 0
3.23498041771528E-15 1 0
0 0 1
[HEADER]
454121,유리 패널,6
26.546110477478 14.2190239371824 49.0485564304462
1
1 -3.23498041771528E-15 0
3.23498041771528E-15 1 0
0 0 1
[LEVEL]
6F
[HEADER]
453821,유리 패널,54
-23.2279589566154 3.88085388159789 54.4619422572178
1
1.51097738971867E-15 1 0
-1 1.51097738971867E-15 0
0 0 1
3.44605660438538 0.0803805738687515 0
3.44605660438538 0.0803805738687515 5.41338586807251
-3.44605660438538 0.0803805738687515 5.41338586807251
0 -1 0
-3.44605660438538 0.0803805738687515 5.41338586807251
-3.44605660438538 0.0803805738687515 0
3.44605660438538 0.0803805738687515 0
0 -1 0
-3.44605660438538 0.16240157186985 5.41338586807251
3.44605660438538 0.16240157186985 5.41338586807251
3.44605660438538 0.16240157186985 0
0 1 0
3.44605660438538 0.16240157186985 0
-3.44605660438538 0.16240157186985 0
-3.44605660438538 0.16240157186985 5.41338586807251
0 1 0
-3.44605660438538 0.0803805738687515 0
-3.44605660438538 0.16240157186985 0
3.44605660438538 0.16240157186985 0
0 0 -1
3.44605660438538 0.16240157186985 0
3.44605660438538 0.0803805738687515 0
-3.44605660438538 0.0803805738687515 0
0 0 -1
3.44605660438538 0.0803805738687515 0
3.44605660438538 0.16240157186985 0
3.44605660438538 0.16240157186985 5.41338586807251
1 0 1.64070777166423E-16
3.44605660438538 0.16240157186985 5.41338586807251
3.44605660438538 0.0803805738687515 5.41338586807251
3.44605660438538 0.0803805738687515 0
1 0 1.64070777166423E-16
3.44605660438538 0.0803805738687515 5.41338586807251
3.44605660438538 0.16240157186985 5.41338586807251
-3.44605660438538 0.16240157186985 5.41338586807251
0 0 1
-3.44605660438538 0.16240157186985 5.41338586807251
-3.44605660438538 0.0803805738687515 5.41338586807251
3.44605660438538 0.0803805738687515 5.41338586807251
0 0 1
-3.44605660438538 0.0803805738687515 5.41338586807251
-3.44605660438538 0.16240157186985 5.41338586807251
-3.44605660438538 0.16240157186985 0
-1 0 0
-3.44605660438538 0.16240157186985 0
-3.44605660438538 0.0803805738687515 0
-3.44605660438538 0.0803805738687515 5.41338586807251
-1 0 0
[HEADER]
453822,유리 패널,6
-20.8366740600002 14.2190239371826 54.4619422572178
1
1 -3.23498041771528E-15 0
3.23498041771528E-15 1 0
0 0 1
[HEADER]
454211,유리 패널,6
-23.2279589566154 10.7729672519877 54.4619422572178
1
1.51097738971867E-15 1 0
-1 1.51097738971867E-15 0
0 0 1
[HEADER]
454225,유리 패널,6
-23.2279589566154 3.88085388159789 59.8753280839895
1
1.51097738971867E-15 1 0
-1 1.51097738971867E-15 0
0 0 1
[HEADER]
454226,유리 패널,6
-23.2279589566154 10.7729672519877 59.8753280839895
1
1.51097738971867E-15 1 0
-1 1.51097738971867E-15 0
0 0 1
[HEADER]
454256,유리 패널,6
-16.0787105664823 14.2190239371826 54.4619422572178
1
1 -3.23498041771528E-15 0
3.23498041771528E-15 1 0
0 0 1
[HEADER]
454258,유리 패널,6
-11.345353372677 14.2190239371825 54.4619422572178
1
1 -3.23498041771528E-15 0
3.23498041771528E-15 1 0
0 0 1
[HEADER]
454260,유리 패널,6
-6.61199617887167 14.2190239371825 54.4619422572178
1
1 -3.23498041771528E-15 0
3.23498041771528E-15 1 0
0 0 1
[HEADER]
454262,유리 패널,6
-1.87863898506638 14.2190239371825 54.4619422572178
1
1 -3.23498041771528E-15 0
3.23498041771528E-15 1 0
0 0 1
[HEADER]
454264,유리 패널,6
2.85471820873892 14.2190239371825 54.4619422572178
1
1 -3.23498041771528E-15 0
3.23498041771528E-15 1 0
0 0 1
[HEADER]
454266,유리 패널,6
7.58807540254422 14.2190239371825 54.4619422572178
1
1 -3.23498041771528E-15 0
3.23498041771528E-15 1 0
0 0 1
[HEADER]
454268,유리 패널,6
12.3214325963495 14.2190239371825 54.4619422572178
1
1 -3.23498041771528E-15 0
3.23498041771528E-15 1 0
0 0 1
[HEADER]
454270,유리 패널,6
17.0547897901548 14.2190239371825 54.4619422572178
1
1 -3.23498041771528E-15 0
3.23498041771528E-15 1 0
0 0 1
[HEADER]
454272,유리 패널,6
21.7881469839601 14.2190239371824 54.4619422572178
1
1 -3.23498041771528E-15 0
3.23498041771528E-15 1 0
0 0 1
[HEADER]
454274,유리 패널,6
26.546110477478 14.2190239371824 54.4619422572178
1
1 -3.23498041771528E-15 0
3.23498041771528E-15 1 0
0 0 1
[HEADER]
454316,유리 패널,6
-20.8366740600002 14.2190239371826 59.8753280839895
1
1 -3.23498041771528E-15 0
3.23498041771528E-15 1 0
0 0 1
[HEADER]
454317,유리 패널,6
-16.0787105664823 14.2190239371826 59.8753280839895
1
1 -3.23498041771528E-15 0
3.23498041771528E-15 1 0
0 0 1
[HEADER]
454318,유리 패널,6
-11.345353372677 14.2190239371825 59.8753280839895
1
1 -3.23498041771528E-15 0
3.23498041771528E-15 1 0
0 0 1
[HEADER]
454319,유리 패널,6
-6.61199617887167 14.2190239371825 59.8753280839895
1
1 -3.23498041771528E-15 0
3.23498041771528E-15 1 0
0 0 1
[HEADER]
454320,유리 패널,6
-1.87863898506638 14.2190239371825 59.8753280839895
1
1 -3.23498041771528E-15 0
3.23498041771528E-15 1 0
0 0 1
[HEADER]
454321,유리 패널,6
2.85471820873892 14.2190239371825 59.8753280839895
1
1 -3.23498041771528E-15 0
3.23498041771528E-15 1 0
0 0 1
[HEADER]
454322,유리 패널,6
7.58807540254422 14.2190239371825 59.8753280839895
1
1 -3.23498041771528E-15 0
3.23498041771528E-15 1 0
0 0 1
[HEADER]
454323,유리 패널,6
12.3214325963495 14.2190239371825 59.8753280839895
1
1 -3.23498041771528E-15 0
3.23498041771528E-15 1 0
0 0 1
[HEADER]
454324,유리 패널,6
17.0547897901548 14.2190239371825 59.8753280839895
1
1 -3.23498041771528E-15 0
3.23498041771528E-15 1 0
0 0 1
[HEADER]
454325,유리 패널,6
21.7881469839601 14.2190239371824 59.8753280839895
1
1 -3.23498041771528E-15 0
3.23498041771528E-15 1 0
0 0 1
[HEADER]
454326,유리 패널,6
26.546110477478 14.2190239371824 59.8753280839895
1
1 -3.23498041771528E-15 0
3.23498041771528E-15 1 0
0 0 1
[LEVEL]
7F
[HEADER]
497415,유리 패널,54
-23.2771715550408 3.79765808879219 65.2887139107612
1
-7.39916854361441E-14 1 0
-1 -7.39916854361441E-14 0
0 0 1
3.36286091804504 0.0803805738687515 0
3.36286091804504 0.0803805738687515 5.9055118560791
-3.36286091804504 0.0803805738687515 5.9055118560791
0 -1 0
-3.36286091804504 0.0803805738687515 5.9055118560791
-3.36286091804504 0.0803805738687515 0
3.36286091804504 0.0803805738687515 0
0 -1 0
-3.36286091804504 0.16240157186985 5.9055118560791
3.36286091804504 0.16240157186985 5.9055118560791
3.36286091804504 0.16240157186985 0
0 1 0
3.36286091804504 0.16240157186985 0
-3.36286091804504 0.16240157186985 0
-3.36286091804504 0.16240157186985 5.9055118560791
0 1 0
-3.36286091804504 0.0803805738687515 0
-3.36286091804504 0.16240157186985 0
3.36286091804504 0.16240157186985 0
0 0 -1
3.36286091804504 0.16240157186985 0
3.36286091804504 0.0803805738687515 0
-3.36286091804504 0.0803805738687515 0
0 0 -1
3.36286091804504 0.0803805738687515 0
3.36286091804504 0.16240157186985 0
3.36286091804504 0.16240157186985 5.9055118560791
1 0 3.00796424805109E-16
3.36286091804504 0.16240157186985 5.9055118560791
3.36286091804504 0.0803805738687515 5.9055118560791
3.36286091804504 0.0803805738687515 0
1 0 3.00796424805109E-16
3.36286091804504 0.0803805738687515 5.9055118560791
3.36286091804504 0.16240157186985 5.9055118560791
-3.36286091804504 0.16240157186985 5.9055118560791
0 0 1
-3.36286091804504 0.16240157186985 5.9055118560791
-3.36286091804504 0.0803805738687515 5.9055118560791
3.36286091804504 0.0803805738687515 5.9055118560791
0 0 1
-3.36286091804504 0.0803805738687515 5.9055118560791
-3.36286091804504 0.16240157186985 5.9055118560791
-3.36286091804504 0.16240157186985 0
-1 0 0
-3.36286091804504 0.16240157186985 0
-3.36286091804504 0.0803805738687515 0
-3.36286091804504 0.0803805738687515 5.9055118560791
-1 0 0
[HEADER]
497416,유리 패널,6
-20.8862594815501 13.8862407659576 65.2887139107612
1
1 -3.17844266970255E-15 0
3.17844266970255E-15 1 0
0 0 1
[HEADER]
497424,유리 패널,6
-23.2771715550413 10.5233798735691 65.2887139107612
1
-7.39916854361441E-14 1 0
-1 -7.39916854361441E-14 0
0 0 1
[HEADER]
498144,유리 패널,6
-16.1044353345671 13.8862407659576 65.2887139107612
1
1 -3.17844266970255E-15 0
3.17844266970255E-15 1 0
0 0 1
[LEVEL]
G.L
[LEVEL]
Foundation
[LEVEL]
옥탑 및 지붕
